sep=2	barwidth=20	rows=17	cols=4	population=1000	pseudo=0.01
//Colors and order
A	0	255	0
C	0	0	255
G	0	0	0
T	255	0	0
//Weight
A	C	G	T
0.27	0.18	0.23	0.32
0.21	0.31	0.22	0.26
0.12	0.31	0.14	0.43
0.16	0.29	0.18	0.37
0.11	0.49	0.02	0.38
1	0	0	0
0	1	0	0
0.36	0.27	0.15	0.22
0.06	0.16	0.22	0.56
0.35	0.14	0.26	0.25
0.23	0.2	0.15	0.42
0.26	0.28	0.15	0.31
0.2	0.21	0.26	0.33
0.0714285714285714	0.785714285714286	0.0714285714285714	0.0714285714285714
0.428571428571429	0.142857142857143	0.285714285714286	0.142857142857143
0.214285714285714	0.214285714285714	0.214285714285714	0.357142857142857
0.285714285714286	0.214285714285714	0.214285714285714	0.285714285714286
