sep=2	barwidth=20	rows=17	cols=4	population=1308	pseudo=0.01
//Colors and order
A	0	255	0
C	0	0	255
G	0	0	0
T	255	0	0
//Weight
A	C	G	T
0.120030581039755	0.263761467889908	0.13914373088685	0.477064220183486
0.102446483180428	0.262996941896024	0.136085626911315	0.498470948012232
0.0940366972477064	0.266819571865443	0.121559633027523	0.517584097859327
0.0840978593272171	0.265290519877676	0.11085626911315	0.539755351681957
0.107033639143731	0.275993883792049	0.119266055045872	0.497706422018349
0.0917431192660551	0.309633027522936	0.100917431192661	0.497706422018349
0.120030581039755	0.324923547400612	0.113914373088685	0.441131498470948
0.119266055045872	0.33868501529052	0.0902140672782875	0.451834862385321
0.081039755351682	0.341743119266055	0.0741590214067278	0.503058103975535
0.102446483180428	0.273700305810398	0.0657492354740061	0.558103975535168
0.261467889908257	0.245412844036697	0.207951070336391	0.285168195718654
0.0603975535168196	0.617737003058104	0.00305810397553517	0.318807339449541
1	0	0	0
0	0	1	0
0.277522935779817	0.113149847094801	0.522935779816514	0.0863914373088685
0.258409785932722	0.171253822629969	0.182721712538226	0.387614678899083
0.235474006116208	0.233180428134557	0.245412844036697	0.285932721712538
