sep=2	barwidth=20	rows=17	cols=4	population=107	pseudo=0.01
//Colors and order
A	0	255	0
C	0	0	255
G	0	0	0
T	255	0	0
//Weight
A	C	G	T
0.214953271028037	0.196261682242991	0.0467289719626168	0.542056074766355
0.355140186915888	0.0934579439252336	0.14018691588785	0.411214953271028
0.495327102803738	0.196261682242991	0.0934579439252336	0.214953271028037
0.327102803738318	0.373831775700935	0.0654205607476635	0.233644859813084
0.233644859813084	0.345794392523364	0.0747663551401869	0.345794392523364
0.149532710280374	0.317757009345794	0.214953271028037	0.317757009345794
0.168224299065421	0.252336448598131	0.186915887850467	0.392523364485981
0.224299065420561	0.214953271028037	0.168224299065421	0.392523364485981
0.233644859813084	0.233644859813084	0.224299065420561	0.308411214953271
0.0934579439252336	0.289719626168224	0.177570093457944	0.439252336448598
0.14018691588785	0.289719626168224	0.196261682242991	0.373831775700935
0.102803738317757	0.476635514018692	0.0186915887850467	0.401869158878505
1	0	0	0
0	1	0	0
0.392523364485981	0.252336448598131	0.149532710280374	0.205607476635514
0.0654205607476635	0.149532710280374	0.196261682242991	0.588785046728972
0.299065420560748	0.168224299065421	0.224299065420561	0.308411214953271
