sep=2	barwidth=20	rows=18	cols=4	population=1452	pseudo=0.01
//Colors and order
A	0	255	0
C	0	0	255
G	0	0	0
T	255	0	0
//Weight
A	C	G	T
0.128787878787879	0.288567493112948	0.121212121212121	0.461432506887052
0.115702479338843	0.254820936639118	0.115013774104683	0.514462809917355
0.110881542699725	0.28236914600551	0.108815426997245	0.497933884297521
0.0819559228650138	0.232782369146006	0.101928374655647	0.583333333333333
0.0943526170798898	0.272727272727273	0.12396694214876	0.508953168044077
0.0984848484848485	0.287190082644628	0.119834710743802	0.494490358126722
0.122589531680441	0.329201101928375	0.114325068870523	0.433884297520661
0.127410468319559	0.339531680440771	0.0847107438016529	0.448347107438017
0.0881542699724518	0.351239669421488	0.0626721763085399	0.497933884297521
0.0902203856749311	0.28099173553719	0.0743801652892562	0.554407713498623
0.25137741046832	0.252066115702479	0.196280991735537	0.300275482093664
0.0440771349862259	0.644628099173554	0.00413223140495868	0.307162534435262
1	0	0	0
0	0	1	0
0.269972451790634	0.123278236914601	0.520661157024793	0.0860881542699724
0.261019283746556	0.176308539944904	0.176308539944904	0.386363636363636
0.238292011019284	0.207988980716253	0.25	0.303719008264463
0.4	0.2	0.2	0.2
