sep=2	barwidth=20	rows=17	cols=4	population=85223	pseudo=0.01
//Colors and order
A	0	255	0
C	0	0	255
G	0	0	0
T	255	0	0
//Weight
A	C	G	T
0.19342196355444	0.139234713633644	0.159909883482159	0.507433439329758
0.18960843903641	0.136500709902256	0.154535747392136	0.519355103669197
0.19231897492461	0.133625899111742	0.155404057590087	0.518651068373561
0.186663224716332	0.135033969703014	0.163864215059315	0.514438590521338
0.20803069593889	0.141112141088673	0.178156131560729	0.472701031411708
0.209743848491604	0.146462809335508	0.151144644051488	0.492648698121399
0.210706030062307	0.128932330474168	0.155662203865154	0.504699435598371
0.196472783168863	0.127899745373901	0.176079227438602	0.499548244018633
0.1940790631637	0.135878812057778	0.148351970712132	0.521690154066391
0.163465261725121	0.108984663764477	0.10321157434026	0.624338500170142
0.267861962146369	0.0827124133156542	0.376776222381282	0.272649402156695
0.0641962850404234	0.645729439235887	0.00519812726611361	0.284876148457576
1	0	0	0
0	0	1	0
0.248946880536944	0.103317179634606	0.526888281332504	0.120847658495946
0.240592328362062	0.145301151097708	0.181277354704716	0.432829165835514
0.29558921887284	0.141898313835467	0.227907959119017	0.334604508172676
