sep=2	barwidth=20	rows=17	cols=4	population=145892	pseudo=0.01
//Colors and order
A	0	255	0
C	0	0	255
G	0	0	0
T	255	0	0
//Weight
A	C	G	T
0.107613851342089	0.285855290214679	0.12805362871165	0.478477229731582
0.0987579853590327	0.281783785265813	0.121781866037891	0.497676363337263
0.0912935596194445	0.27786993118197	0.112172017656897	0.518664491541688
0.0798467359416555	0.263372905985249	0.107298549612042	0.549481808461053
0.0820812655937269	0.280351218709731	0.111993803635566	0.525573712060977
0.0908822964932964	0.298583883968963	0.117813176870562	0.492720642667178
0.103686288487374	0.331628876154964	0.107606996956653	0.457077838401009
0.109443972253448	0.337763551120007	0.0934595454171579	0.459332931209388
0.0863172757930524	0.348929344994928	0.0637252213966496	0.50102815781537
0.0845008636525649	0.301764318811175	0.0600032901050092	0.553731527431251
0.250712856085323	0.267636333726318	0.201806816000877	0.279843994187481
0.0577002165985798	0.646375400981548	0.00291311381021578	0.293011268609656
1	0	0	0
0	0	1	0
0.25594275217284	0.140384668110657	0.491891262029446	0.111781317687056
0.244242316233926	0.190222904614372	0.194212156938009	0.371322622213692
0.259465906286842	0.234988895895594	0.232720094316344	0.27282510350122
