sep=2	barwidth=20	rows=17	cols=4	population=162	pseudo=0.01
//Colors and order
A	0	255	0
C	0	0	255
G	0	0	0
T	255	0	0
//Weight
A	C	G	T
0.314814814814815	0.296296296296296	0.117283950617284	0.271604938271605
0.395061728395062	0.302469135802469	0.0493827160493827	0.253086419753086
0.246913580246914	0.302469135802469	0.0679012345679012	0.382716049382716
0.265432098765432	0.296296296296296	0.117283950617284	0.320987654320988
0.283950617283951	0.240740740740741	0.185185185185185	0.290123456790123
0.240740740740741	0.228395061728395	0.148148148148148	0.382716049382716
0.172839506172839	0.271604938271605	0.160493827160494	0.395061728395062
0.216049382716049	0.290123456790123	0.160493827160494	0.333333333333333
0.179012345679012	0.290123456790123	0.154320987654321	0.376543209876543
0.135802469135802	0.395061728395062	0.104938271604938	0.364197530864198
0.185185185185185	0.333333333333333	0.166666666666667	0.314814814814815
0.0864197530864197	0.666666666666667	0.0246913580246914	0.222222222222222
1	0	0	0
0	0	1	0
0.475308641975309	0.185185185185185	0.185185185185185	0.154320987654321
0.154320987654321	0.228395061728395	0.0925925925925926	0.524691358024691
0.425925925925926	0.135802469135802	0.185185185185185	0.253086419753086
