sep=2	barwidth=20	rows=17	cols=4	population=983	pseudo=0.01
//Colors and order
A	0	255	0
C	0	0	255
G	0	0	0
T	255	0	0
//Weight
A	C	G	T
0.195320447609359	0.1353001017294	0.155645981688708	0.513733468972533
0.175991861648016	0.146490335707019	0.167853509664293	0.509664292980671
0.154628687690743	0.153611393692777	0.132248219735504	0.559511698880977
0.194303153611394	0.162767039674466	0.158697863682604	0.484231943031536
0.201424211597152	0.154628687690743	0.156663275686673	0.487283825025432
0.250254323499491	0.153611393692777	0.143438453713123	0.452695829094608
0.194303153611394	0.14852492370295	0.141403865717192	0.515768056968464
0.201424211597152	0.126144455747711	0.170905391658189	0.501525940996948
0.17293997965412	0.17293997965412	0.152594099694812	0.501525940996948
0.151576805696846	0.0935910478128179	0.0579857578840285	0.696846388606307
0.274669379450661	0.0793489318413021	0.377416073245168	0.268565615462869
0.0183112919633774	0.797558494404883	0.00101729399796541	0.183112919633774
1	0	0	0
0	0	1	0
0.248219735503561	0.0803662258392675	0.561546286876907	0.109867751780264
0.233977619532045	0.133265513733469	0.206510681586979	0.426246185147508
0.284842319430315	0.146490335707019	0.202441505595117	0.366225839267548
