sep=2	barwidth=20	rows=17	cols=4	population=52951	pseudo=0.01
//Colors and order
A	0	255	0
C	0	0	255
G	0	0	0
T	255	0	0
//Weight
A	C	G	T
0.371381088175861	0.145436346811203	0.0884780268550169	0.39470453815792
0.34316632358218	0.147154916809881	0.0910464391607335	0.418632320447206
0.345923589733905	0.145738512964817	0.0978074068478405	0.410530490453438
0.344072822043021	0.158769428339408	0.0824347037827425	0.414723045834828
0.379180752016015	0.15527563218825	0.0760703291722536	0.389473286623482
0.412003550452305	0.121565220675719	0.0743517591735756	0.3920794696984
0.43083227889936	0.0815659760911031	0.0698192668693698	0.417782478140167
0.289966195161564	0.0810371853222791	0.0663254707182112	0.562671148797945
0.0612075314913788	0.0344847122811656	0.0216237653679817	0.882683990859474
0.0085550792241884	0.0167513361409605	0.0040792430737852	0.970614341561066
0.0920284791599781	0.163188608336009	0.075881475326245	0.668901437177768
0.0342392022813545	0.825140223980661	0.00375819153557062	0.136862382202414
1	0	0	0
0	0	1	0
0.428339408132047	0.153764801420181	0.279975826707711	0.137919963740062
0.303884723612396	0.188306169855149	0.151819606806293	0.355989499726162
0.311571075144945	0.224169515212177	0.179788861400162	0.284470548242715
