sep=2	barwidth=20	rows=17	cols=4	population=31708	pseudo=0.01
//Colors and order
A	0	255	0
C	0	0	255
G	0	0	0
T	255	0	0
//Weight
A	C	G	T
0.229847357133846	0.222467516084269	0.104074681468399	0.443610445313486
0.217642235398007	0.220259871325848	0.105903872839662	0.456194020436483
0.218619906648164	0.2233821117699	0.103223161347294	0.454774820234641
0.206509398259114	0.224927463100795	0.0912072663050334	0.477355872335057
0.19165510281317	0.251513813548631	0.0883688659013498	0.468462217736849
0.203229468903747	0.290872965813044	0.0928472309827173	0.413050334300492
0.225495143181531	0.275860981455784	0.093004919894033	0.405638955468651
0.189384382490223	0.302888860855305	0.0678377696480384	0.439888987006434
0.113504478365081	0.237542576006055	0.0628232622681973	0.586129683360666
0.117131323325344	0.209253185316009	0.0503027627097263	0.623312728648921
0.265768891131576	0.164248770026492	0.279487826416046	0.290494512425886
0.0537719187586729	0.691781253942223	0.00220764475842059	0.252239182540684
1	0	0	0
0	0	1	0
0.315882427147723	0.215466128421849	0.307398763718935	0.161252680711492
0.236028762457424	0.212186199066482	0.16793869055128	0.383846347924814
0.26680963794626	0.27021571843068	0.216853790841428	0.246120852781632
