sep=2	barwidth=20	rows=17	cols=4	population=157640	pseudo=0.01
//Colors and order
A	0	255	0
C	0	0	255
G	0	0	0
T	255	0	0
//Weight
A	C	G	T
0.113239025628013	0.280690180157321	0.123471200202994	0.482599594011672
0.101370210606445	0.276865008880995	0.116512306521188	0.505252473991373
0.0929903577772139	0.279611773661507	0.107288759198173	0.520109109363106
0.084775437706166	0.259673940624207	0.102309058614565	0.553241563055062
0.0874714539456991	0.282161887845724	0.108855620400913	0.521511037807663
0.0980842425780259	0.295629281908145	0.11354351687389	0.492742958639939
0.108665313372241	0.323883532098452	0.103615833544786	0.463835320984522
0.113410301953819	0.333557472722659	0.0917660492260848	0.461266176097437
0.0862598325298148	0.341004821111393	0.0640256280131946	0.508709718345598
0.0897931996955088	0.296415884293327	0.0628457244354225	0.550945191575742
0.239241309312357	0.272532352194874	0.204516620147171	0.283709718345598
0.0591791423496574	0.646929713270743	0.00315909667597057	0.290732047703629
1	0	0	0
0	0	1	0
0.257047703628521	0.141861202740421	0.489228622177112	0.111862471453946
0.246948743973611	0.189552144125856	0.193795990865263	0.36970312103527
0.258189545800558	0.234914996193859	0.236094899771632	0.270800558233951
